
0.495,
1.527,1.696,
1.673,1.844,0.447,
1.341,1.213,1.879,1.732,
1.527,1.533,1.414,1.183,0.856,
1.657,1.802,0.956,0.991,1.886,1.775,
0.343,0.670,1.373,1.511,1.352,1.352,1.694,
0.192,0.527,1.493,1.675,1.454,1.640,1.571,0.471,
0.305,0.668,1.484,1.573,1.234,1.327,1.713,0.220,0.480,
1.278,1.019,1.537,1.759,1.652,1.860,1.414,1.414,1.169,1.478,
0.925,0.877,1.922,1.893,0.797,1.440,1.714,1.128,0.988,0.962,1.414,
1.939,1.978,1.061,0.887,1.699,1.481,0.697,1.920,1.903,1.932,1.562,1.818,
1.661,1.772,1.137,0.787,1.198,0.527,1.472,1.489,1.741,1.474,1.952,1.623,1.169,
1.034,1.337,1.408,1.438,1.569,1.726,1.001,1.181,0.978,1.099,1.510,1.082,1.459,1.578,
0.573,0.419,1.826,1.884,0.946,1.430,1.826,0.775,0.669,0.649,1.261,0.505,1.967,1.680,1.225,
0.332,0.753,1.402,1.574,1.523,1.654,1.448,0.523,0.241,0.515,1.284,1.047,1.832,1.686,0.797,0.822,
1.335,1.577,1.331,1.079,1.112,0.859,1.449,1.223,1.430,1.130,1.976,1.263,1.419,0.678,1.137,1.386,1.326,
0.951,0.881,1.136,1.421,1.641,1.496,1.615,0.832,0.920,1.016,0.994,1.576,1.757,1.619,1.578,1.218,1.027,1.676,
0.609,0.915,1.069,1.323,1.665,1.544,1.443,0.478,0.571,0.648,1.302,1.414,1.769,1.552,1.118,1.117,0.525,1.364,0.679,
